0
1
2
3
8
11
36
37
46
47
48
49
50
51
52
53
54
55
56
57
62
63
64
65
66
67
68
69
70
71
72
73
74
75
76
77
78
79
81
82
315
316
317
318
319
320
321
322
323
324
325
326
327
328
329
331
332
334
335
336
337
338
339
340
341
343
344
345
346
347
348
349
350
351
352
353
354
355
356
357
358
359
360
361
362
363
365
366
367
368
369
370
371
372
373
374
375
376
377
378
379
380
381
382
383
385
386
387
388
389
390
391
392
393
394
395
396
397
398
399
400
401
402
403
404
405
406
407
408
409
410
411
412
413
436
444
445
446
447
454
455
456
457
458
459
460
461
462
463
464
465
466
467
468
469
470
471